Stride | Patch Size | PSNR | Time (seconds)
---------------------------------------------
     2 |          4 | 34.853572845458984 |         207.80
     2 |          6 | 34.91835403442383 |         166.92
     2 |          8 | 35.06085968017578 |         183.17
     2 |         10 | 35.26973342895508 |         177.64
     3 |          4 | 34.77986526489258 |          95.01
     3 |          6 | 34.775455474853516 |          67.93
     3 |          8 | 34.731842041015625 |          53.76
     3 |         10 | 34.998809814453125 |          84.07
     4 |          4 | 34.669593811035156 |          45.81
     4 |          6 | 34.89017105102539 |          86.87
     4 |          8 | 34.69657516479492 |          45.16
     4 |         10 | 34.70676803588867 |         109.49

## Best configuration: Stride 2, Patch Size 10, PSNR: 35.26973342895508, Time: 177.6400008201599 seconds ##
