Stride | Patch Size | PSNR | Time (seconds)
---------------------------------------------
     1 |          6 | 31.678451538085938 |         358.58
     1 |         10 | 31.212560653686523 |         144.15
     1 |         15 | 30.72916030883789 |         260.42
     2 |          6 | 31.461849212646484 |         137.84
     2 |         10 | 31.03115463256836 |          69.12
     2 |         15 | 30.271236419677734 |         183.95
     3 |          6 | 31.332172393798828 |          94.38
     3 |         10 | 30.66594696044922 |          55.56
     3 |         15 | 31.015037536621094 |          65.93

## Best configuration: Stride 1, Patch Size 6, PSNR: 31.678451538085938, Time: 358.5760066509247 seconds ##
